108982
107966
107596
107592
107589
107588
107571
107556
107439
107323
109875
109874
109873
109872
109863
109862
109859
109858
109857
109855
107314
107278
107170
107120
107104
107102
107071
107053
107051
107050
109889
109888
109886
109885
109852
109851
109850
109849
109847
109844
107024
107007
106995
106985
106949
106937
106890
106853
106172
105948
109892
109907
109906
109904
109903
109902
109900
109899
109898
109896
107611
107630
107668
107685
107686
107689
107723
107744
107746
107755
109924
109923
109922
109921
109920
109919
109918
109917
109916
109915
107781
107811
107815
107853
107919
107959
107966
107994
108012
108023
109986
109985
109979
109977
109976
109975
109966
109961
109960
109955